61435
63600
28110
10409
42803
48907
7736
-36999
13705
-9337
29283
39402
-3613
1618
5417
-25387
49242
16894
-23160
-15393
41431
45045
57496
49349
7278
29252
-4300
-6941
59941
-42891
-53328
42469
-11853
14452
-43302
-26686
-28562
62654
1526
25653
-35581
40925
65309
38333
64914
-63170
-38601
36393
46937
-456
-50427
-40359
-120
47517
54631
-745
41368
55165
19593
31388
49595
-13349
-35902
-1493
57772
2763
-13882
-39807
13612
24048
64486
-59141
-60315
42864
24676
-48643
-35383
-11975
3082
35600
22965
-33323
40650
53730
62746
26767
-35108
-286
-38358
46770
-22369
26156
-62989
55621
24326
-50443
19655
46205
-49561
59999
17856
-2165
20432
-6878
-2621
20677
56962
-30514
58292
2566
-39136
-5889
26947
-57111
-43472
19852
-20414
-58365
51394
17532
-41212
-49805
59313
-24397
32062
108
6287
-43394
-62681
-51878
25745
-62713
-54535
1955
-59357
45062
-63263
46298
-25860
5005
-62104
43064
-48459
-36604
-19056
24887
22583
-51208
-42632
-24121
62504
24782
-35140
-36773
-48446
50782
-4729
-21771
12087
-20903
33160
-56824
-17317
-55966
-61661
7433
61314
13171
60458
50203
-6575
-60926
-51083
18478
52876
-33750
-9841
46390
12956
-12327
39020
-5385
-39960
13400
46451
-37443
-5948
-35628
36700
-5581
-35918
-52185
-15563
-21192
40744
-1768
-59538
45216
21350
-59372
-38848
10605
-54091
19900
25287
-19820
-41043
-27493
-16385
34579
9980
63159
-61537
-18950
60076
53501
60046
-54580
48190
-38833
-45120
6256
32044
-21558
20508
64836
-34590
35220
-64299
16891
-55006
6944
-2896
-22261
43644
-59737
43735
5540
53105
54461
-33337
40178
-37719
36808
-7947
51179
32810
31144
-27586
63677
-51511
41201
15428
-17346
-22199
-55526
-19040
54964
43824
-1845
30365
-57861
-9718
42603
54293
15747
-28213
31741
51957
-54624
-58302
51744
-51833
54843
-53037
40132
-55039
-12297
24141
-31231
64546
65477
-7078
-49864
23835
-32897
63066
-13243
43902
-52213
36287
2930
35633
22004
62656
14465
-26364
56856
19748
60856
-42099
45445
27178
37524
47227
59818
4670
-64405
9402
50709
-14464
-18461
-58762
8898
35114
23911
39111
-34178
-62287
-20338
-50887
-30698
11218
17899
30854
-55432
-29630
-8252
-65442
47107
-59630
15460
-28394
62839
-40680
-50490
17519
-46994
-54823
35234
-13898
-22292
57680
10271
21488
-58408
23256
-39517
29070
11034
-34939
6729
-11579
61
58751
53043
-34742
-51787
55484
39341
-11122
4655
-40358
-50612
-50230
-30103
28596
17106
57972
15108
-40724
-35458
36027
17549
-2407
15687
14221
7522
-38891
62777
-47102
63815
-64469
50022
-42844
-31615
4229
-4910
56202
-3811
14254
13794
36517
-4622
63099
-17546
2594
-21467
59251
47822
-22199
26020
55515
60734
25073
51866
-10663
12344
58977
63420
-28653
53944
-59249
14041
51912
28962
-59463
-28182
-43090
34595
-36191
-53311
-54288
63402
29468
50450
20113
-44204
-54792
-32638
-32360
34122
-17089
41583
50569
23044
-43823
-2119
-59858
-38162
2685
-54047
-5660
-24366
-16967
15459
-31675
57575
3008
-24015
23394
59163
19227
-20062
7021
-36895
-52474
59483
-9307
38713
-32392
30228
38928
-11670
20523
34394
-27907
58519
-11367
36699
-53589
59283
64714
-57615
-32070
17978
-45286
-4714
3862
56172
-1111
-39624
-36893
46664
20572
-57141
54171
-65093
11749
-40068
1176
-57828
-35278
-47974
-53601
-47638
-65414
24784
-57694
-1629
-23009
-8208
41201
53622
-32088
9189
-51254
-38648
57146
-35048
-61462
-1051
48159
-23467
-49652
40941
-14387
-53772
-23007
41108
53547
23361
17105
40286
-46097
-5018
-5660
21944
14297
-59873
32259
-7688
29268
32993
-28898
34028
-12815
19548
521
45367
41141
44345
-20553
20692
12117
-31585
1464
45060
5876
-43194
-14403
-19681
4885
-61903
-47134
-61874
-7596
5584
30503
50616
-20507
-6558
-34222
52097
6991
-61384
-7750
12468
7676
25453
-63139
-55480
8242
44358
-49988
-10281
-64820
24887
47761
-3019
-25024
15887
-35367
19638
14816
61634
55223
10681
-60486
-27312
-39230
-54306
-4742
-30212
36930
-64911
-57355
46906
-47180
20859
49120
-62606
44512
54660
26966
-57450
-54640
7768
-52229
20402
42191
-50778
15735
45060
36546
-10327
-50551
-11487
19809
19305
-33766
42239
-37275
61616
16617
-35841
-11335
-59614
15442
-30455
-3003
-59049
27912
63
-23452
-31325
-56379
-43942
-12327
-55967
18769
56889
-64865
44573
-53770
25772
-1722
51609
37660
-41778
30045
19504
-61139
26825
9933
-62346
35984
-45715
-21209
5907
-45897
-24700
64899
-14813
43611
30213
63113
-23496
13382
41568
60123
56536
47702
-36361
-14892
49990
-55206
48023
-32894
3008
-61079
-28456
38484
-46842
1391
36882
-11639
26261
63892
-58608
55803
-44096
-6620
23929
57681
-21972
19577
-882
674
-41607
65235
36042
-58181
1770
10409
-61902
30520
2381
50052
-58668
-36985
-42599
20160
43124
-38769
-16538
27101
53379
46040
-25556
41506
47351
27680
-8664
-58165
3997
41355
-46860
38043
47291
55986
15870
40926
-8315
52553
38636
17321
2228
-19942
4623
-4133
-60256
-32971
48236
-3613
-26760
22476
-29293
11600
34775
29849
21943
-62225
-58241
-37977
10193
41155
-29219
-15241
46603
-4576
-54532
27118
5769
62855
-61857
59512
4197
51240
-2392
-46598
-36575
7478
-31658
42528
45274
3631
-55083
-46553
20752
39019
57603
58321
-3690
11554
21655
-3339
58978
76
29847
-26974
-27402
-19116
-46033
-13640
-51972
-27053
13507
32611
-55343
-32592
-40785
33678
31128
63571
-21834
58567
58595
1726
33600
-2514
-29525
29480
-37750
21744
7096
49455
-6009
-43897
-45897
-63782
11629
18343
23486
53179
36226
37340
11109
55925
-1676
-55419
-15608
-64744
52371
-9261
8531
51699
14056
-33429
38485
51167
17855
2077
-49056
25500
42253
57758
62381
30824
30947
-2669
-53161
7035
34716
-37153
-61385
-60498
48100
-39303
-46324
5312
19457
15566
63724
-27677
62974
33647
-33599
-18186
64410
-10312
37692
-46234
59041
49992
28139
26995
19945
-6742
34763
35721
-16385
-36038
-14403
-31811
-8816
-31094
35508
-7992
14621
-23664
17932
-52199
50081
-24777
-36712
41445
62562
-105
-7155
59129
-26457
-56898
31709
-33764
-2683
32123
-59204
963
-35978
9293
6089
-32042
-45303
-50445
-46370
32673
12636
-29403
54416
-6573
-15683
15076
-12250
-22885
-7735
4562
17504
36045
-18828
-13410
28429
38422
-19270
-62010
-56931
-29768
-17211
-32150
17917
61070
27392
34321
-43380
-61203
-60624
-52075
-20171
-12602
28459
-30241
17700
40727
-29004
5203
-578
-10984
-36696
-65110
56475
-49787
-48064
5692
-27097
794
-8099
-35992
34625
15855
-273
-19255
-59064
-8010
29605
-51818
17654
14436
53423
-59340
-27342
28048
52233
-56137
59710
-52093
-46295
52005
-31217
-22595
57939
-33676
-60211
-4941
-57801
42346
54127
43001
21487
-62134
40499
-56852
-2318
26795
-42738
45426
54139
-39412
63588
50906
-39624
-10740
-44874
-2972
50678
-61857
-58469
-25770
-65015
44665
-25207
398
13276
22111
22723
40561
-32913
20829
-65091
15243
12756
-49176
-13442
37401
-1738
10818
11352
13016
40348
-53831
37308
63159
-31279
-60929
40513
14545
-32101
-26532
50950
-10755
-20186
-23481
-41503
-47925
-62925
35053
-47803
-39840
6945
-54608
23637
21240
-31097
-12724
1069
14544
-35932
14710
-41716
-60133
2229
-55527
-54838
45305
-7123
26032
-33720
-45791
-61003
7388
-29723
21317
-27341
-6315
-271
-53925
45582
-3919
1895
23987
31756
45872
-16005
-57556
25864
-55985
28277
60045
-21696
10942
-52673
-64726
-59219
-43976
17395
19229
-14571
-16477
26231
-56792
27927
55606
-18598
-53040
-8436
1818
6470
14482
-64695
-11824
-25023
5677
34884
947
-12571
-61890
-38008
13842
-16249
52157
16589
-6255
14114
-55464
-34482
39476
47656
58856
29177
-15867
7312
17473
38164
12253
26813
-43135
6881
-47394
35220
15795
-33414
-2913
14925
-31248
-670
11001
33496
27744
-49423
54416
-31996
-54535
-62667
61481
22402
-47164
32244
887
29206
-44830
-41318
42454
-33628
-33491
46696
18936
-3918
7370
61098
8668
43412
-44861
35404
42405
-25602
-19757
-44188
35969
56705
57176
45139
39798
52873
42667
15611
-10373
-49558
-63277
25666
49092
-63736
26948
-57325
-18737
1955
-11410
49668
13183
-12036
9691
55131
9691
-18399
-64193
15124
-2088
46330
3848
55712
-731
-49300
28598
-43732
-46460
-29189
-39321
-32513
-55770
-26363
-63080
21439
33558
811
-10359
-40236
-58957
40727
35495
6044
48923
-58518
-24291
-62300
-51849
-12206
-5811
-29888
57681
1754
6778
-26166
-13273
-62698
-49832
12697
-31538
-50093
33449
47182
-42267
-35629
-63063
-58456
-55664
57283
-44615
36381
-56671
-55753
-56427
56110
-23999
-43715
-21024
40256
51744
37739
26950
-57860
7785
10239
-16020
29986
47656
-64635
59267
-61965
-43854
58521
-8360
-40510
-46843
-56486
33051
54325
-5353
52096
64120
-49374
16650
-24884
64791
-17484
22814
20845
62594
-20080
-61173
32458
-29294
32914
61420
23346
64989
-63720
-33354
-45987
60289
15823
-46843
25606
-13120
-28348
30580
-11687
-22155
-49835
4409
-48367
41720
52632
-60530
20053
28856
-61386
34045
22143
-61841
52631
11600
21439
15474
10789
48051
-2057
-10420
25543
49945
-38450
-40283
65235
29850
51499
43230
5464
1101
38042
5630
-7046
-56243
-44249
59376
2488
-36621
-50687
-43149
-42035
19289
-26153
-57829
-62927
-43898
-10877
-26227
39064
44619
-64927
-57202
22952
-5537
-31994
41797
62472
28291
21425
57147
54752
8196
39750
55636
-34256
20664
7417
53866
32303
-55861
-14463
58321
17655
-2256
50249
-27159
-9200
62532
58735
-39899
-52261
55058
54661
6409
-46019
18815
-8817
-24702
-4912
13672
-52688
-22871
-52457
37400
-17821
199
7586
59390
-61570
47977
-53740
-36804
-120
-62987
57496
-1889
28047
-43882
12330
-12524
26309
-50748
19915
-13868
13977
61696
-49909
-54242
-64848
51441
-40878
-46050
1711
-6956
1437
-59416
-31387
-59157
45658
-23756
3403
9753
62352
26492
-22000
-59476
19014
-48123
-74
1114
27619
6317
15993
-44049
16114
-32318
58124
-16187
49778
-45181
-25999
-29751
3753
6287
-64725
60353
57515
57406
37278
43323
42773
7861
59297
41781
-40036
-27586
-4133
38835
59009
62230
29894
40759
-20720
32610
-44247
10529
-29659
32335
625
-3981
-53909
-5338
61298
-52594
-24107
26675
-5673
55529
-53619
20981
30215
-59586
45930
31450
16953
-11992
-29890
5646
40058
37919
25272
17612
-2028
-46766
61650
-56653
43521
-20720
-33111
-15592
4961
62930
35233
1725
3023
-47955
-13671
60306
-45287
-59006
46452
10438
59389
42665
30931
16282
-3614
-42021
-52657
-40603
-26152
45824
-19163
64622
-30928
13443
41108
30445
-29722
-51910
52782
30978
16635
-60942
47564
-7597
64394
-6758
26081
30854
63632
-30880
-12221
-11305
-32270
38393
-24657
-10237
-17791
-17744
-2120
-49301
-59935
-51650
48677
17565
3739
57987
-54611
34687
-40878
-54425
38914
-4498
35037
62044
-59128
53315
52293
47090
-18903
-45957
15321
-31402
30750
47199
47730
489
23379
-35443
-35763
-36224
13568
-37060
-41777
15841
42695
59648
60978
48371
-52870
4945
-11610
-17912
-48581
-2607
-17743
38011
-41424
-42219
-5047
-1446
35097
-47682
-48932
43368
-26152
61236
36441
17457
58839
35754
-23450
46848
31190
-57053
-41518
34287
-7870
48615
-11319
-16493
53134
-12481
44193
-13563
7434
10225
38210
-57372
-10983
-33094
59450
58933
38502
-22017
32121
29086
7935
-14050
-10604
62336
-23192
-27022
58429
-47896
-44387
15
-38739
18846
58962
31373
57452
-37093
55880
50401
-59250
-48384
-16004
41462
19121
-38144
50770
52767
-11548
13336
-1234
-7062
7417
2761
27057
2184
-44752
17031
-39428
-2791
-41623
-13854
-32287
51501
-29537
48907
23255
40150
-39305
65355
-49070
21134
9723
17337
4501
1315
-1004
-35247
45213
53775
-25753
31465
-65307
17214
39081
20585
-60929
1693
14710
16908
-57432
52555
-55145
-16646
33997
60811
55970
-42678
11477
58460
18512
-20186
-14432
-13181
8026
-54258
-9917
47413
-1127
-11121
3954
9690
-11395
-46033
-26411
56077
-25891
-47072
19930
4777
3753
-49164
12284
34426
5084
43751
61925
-11305
42911
-38513
44986
6564
-1966
-52640
-45151
-26242
30337
38819
-29629
2304
-37398
-65458
-3247
40180
-61751
54659
64777
-31018
-24472
42606
59483
-29113
-20323
-14555
8408
37128
63770
-49530
-27187
31238
-56121
32304
25361
18158
-41868
23239
-60575
-18615
-34466
41386
-47574
18403
-63613
-56579
10058
-33750
-48779
25788
-20352
8575
46573
60184
50661
-36330
7583
65113
9189
-24824
50815
48328
-26379
-45257
50965
49486
-61552
32610
-46751
13675
-48675
6501
30626
-57920
-21100
-38330
44603
5296
-28683
-49023
8013
-7230
-32988
29130
6501
17549
9905
-38268
14605
18799
-60773
-13731
-1416
20646
-25601
-25633
-64161
15170
33907
-59415
-39364
29496
-22566
-39136
-64285
-41260
45582
52202
-34575
55207
59648
-34483
-24609
14131
-57616
15931
-9457
61162
-32530
-58959
-40067
35706
45154
4029
41826
5648
-18446
6609
-11349
-4271
48405
59832
-46844
63493
18540
64363
54080
14086
-5383
19702
3784
-16874
60152
60994
14376
-39929
60823
46298
22767
44907
1390
30351
-24488
-23956
-21848
-52596
-48338
-19973
49257
-58911
-38376
229
6808
-10587
40009
53822
-7902
-62909
62807
12558
-9823
20892
-30196
17489
58230
-10190
41230
-55329
12970
-6423
1435
-33154
23913
-37396
21456
-46521
46479
31284
43367
-17821
-65183
-24441
-64941
-29097
-30440
-64895
63861
-9381
-63843
-2287
49609
39233
42786
-64390
-44265
-27265
55940
1847
62486
-23832
-33049
-45806
-48508
-1479
19290
65312
-7275
14834
45443
-19895
6439
-28500
40440
43034
-2913
-3309
-49744
-43120
-30163
-49971
43384
40787
3191
29802
43247
-60270
-47758
-46811
-27950
-48888
43858
44528
-62819
-48338
-48231
62471
-62894
-16264
29955
42879
58473
27911
1711
-16280
29680
-32851
15321
51072
46647
17472
43276
60274
-4040
62288
60719
-6224
-43106
-43515
-54337