61435
63600
28110
10409
42803
48907
7736
-36999
13705
-9337
29283
39402
-3613
1618
5417
-25387
49242
16894
-23160
-15393
41431
45045
57496
49349
7278
29252
-4300
-6941
59941
-42891
-53328
42469
-11853
14452
-43302
-26686
-28562
62654
1526
25653
-35581
40925
65309
38333
64914
-63170
-38601
36393
46937
-456
-50427
-40359
-120
47517
54631
-745
41368
55165
19593
31388
49595
-13349
-35902
-1493
57772
2763
-13882
-39807
13612
24048
64486
-59141
-60315
42864
24676
-48643
-35383
-11975
3082
35600
22965
-33323
40650
53730
62746
26767
-35108
-286
-38358
46770
-22369
26156
-62989
55621
24326
-50443
19655
46205
-49561
59999
17856
-2165
20432
-6878
-2621
20677
56962
-30514
58292
2566
-39136
-5889
26947
-57111
-43472
19852
-20414
-58365
51394
17532
-41212
-49805
59313
-24397
32062
108
6287
-43394